  ~o <VecSize> 12 <MFCC> <StreamInfo> 1 12
  ~h "prototype"
<BeginHMM>
  <NumStates> 9
  <State> 2 <NumMixes> 1 
  <Stream> 1
  <Mixture> 1 1.0000
    <Mean> 12
      0.0 0.0 0.0 0.0 0.0 0.0 0.0 0.0 0.0 0.0 0.0 0.0 
    <Variance> 12
      1.0 1.0 1.0 1.0 1.0 1.0 1.0 1.0 1.0 1.0 1.0 1.0 
  <State> 3 <NumMixes> 1 
  <Stream> 1
  <Mixture> 1 1.0000
    <Mean> 12
      0.0 0.0 0.0 0.0 0.0 0.0 0.0 0.0 0.0 0.0 0.0 0.0 
    <Variance> 12
      1.0 1.0 1.0 1.0 1.0 1.0 1.0 1.0 1.0 1.0 1.0 1.0 
  <State> 4 <NumMixes> 1 
  <Stream> 1
  <Mixture> 1 1.0000
    <Mean> 12
      0.0 0.0 0.0 0.0 0.0 0.0 0.0 0.0 0.0 0.0 0.0 0.0 
    <Variance> 12
      1.0 1.0 1.0 1.0 1.0 1.0 1.0 1.0 1.0 1.0 1.0 1.0 
  <State> 5 <NumMixes> 1 
  <Stream> 1
  <Mixture> 1 1.0000
    <Mean> 12
      0.0 0.0 0.0 0.0 0.0 0.0 0.0 0.0 0.0 0.0 0.0 0.0 
    <Variance> 12
      1.0 1.0 1.0 1.0 1.0 1.0 1.0 1.0 1.0 1.0 1.0 1.0 
  <State> 6 <NumMixes> 1 
  <Stream> 1
  <Mixture> 1 1.0000
    <Mean> 12
      0.0 0.0 0.0 0.0 0.0 0.0 0.0 0.0 0.0 0.0 0.0 0.0 
    <Variance> 12
      1.0 1.0 1.0 1.0 1.0 1.0 1.0 1.0 1.0 1.0 1.0 1.0 
  <State> 7 <NumMixes> 1 
  <Stream> 1
  <Mixture> 1 1.0000
    <Mean> 12
      0.0 0.0 0.0 0.0 0.0 0.0 0.0 0.0 0.0 0.0 0.0 0.0 
    <Variance> 12
      1.0 1.0 1.0 1.0 1.0 1.0 1.0 1.0 1.0 1.0 1.0 1.0 
  <State> 8 <NumMixes> 1 
  <Stream> 1
  <Mixture> 1 1.0000
    <Mean> 12
      0.0 0.0 0.0 0.0 0.0 0.0 0.0 0.0 0.0 0.0 0.0 0.0 
    <Variance> 12
      1.0 1.0 1.0 1.0 1.0 1.0 1.0 1.0 1.0 1.0 1.0 1.0 
  <TransP> 9 
  0.0 0.3 0.0 0.0 0.7 0.0 0.0 0.0 0.0
  0.0 0.9 0.1 0.0 0.0 0.0 0.0 0.0 0.0
  0.0 0.0 0.9 0.1 0.0 0.0 0.0 0.0 0.0
  0.0 0.19 0.0 0.8 0.0 0.0 0.0 0.0 0.01
  0.0 0.0 0.0 0.0 0.9 0.1 0.0 0.0 0.0
  0.0 0.0 0.0 0.0 0.0 0.9 0.1 0.0 0.0
  0.0 0.0 0.0 0.0 0.0 0.0 0.9 0.1 0.0
  0.0 0.0 0.0 0.0 0.19 0.0 0.0 0.8 0.01
  0.0 0.0 0.0 0.0 0.0 0.0 0.0 0.0 0.0
<EndHMM>
